-6.819999694824218750e+01 -1.665500030517578125e+02 1.622352027893066406e+01
-6.802871704101562500e+01 -1.665419616699218750e+02 1.618967056274414062e+01
-6.737392425537109375e+01 -1.664873046875000000e+02 1.628391265869140625e+01
-6.640580749511718750e+01 -1.663808593750000000e+02 1.659149742126464844e+01
-6.522761535644531250e+01 -1.663518066406250000e+02 1.662162590026855469e+01
-6.381705093383789062e+01 -1.664145812988281250e+02 1.656757926940917969e+01
-6.241720581054687500e+01 -1.664699249267578125e+02 1.641504478454589844e+01
-6.107968139648437500e+01 -1.664412078857421875e+02 1.659619903564453125e+01
-5.979933929443359375e+01 -1.663886260986328125e+02 1.663496208190917969e+01
-5.850888442993164062e+01 -1.662816925048828125e+02 1.683331680297851562e+01
-5.713397979736328125e+01 -1.661132354736328125e+02 1.677973747253417969e+01
-5.573444366455078125e+01 -1.659202728271484375e+02 1.679408454895019531e+01
-5.437615966796875000e+01 -1.656912231445312500e+02 1.669791603088378906e+01
-5.301626205444335938e+01 -1.655459136962890625e+02 1.650609970092773438e+01
-5.171781539916992188e+01 -1.654424743652343750e+02 1.657193946838378906e+01
-5.042251968383789062e+01 -1.653220672607421875e+02 1.676766967773437500e+01
-4.921152114868164062e+01 -1.652072296142578125e+02 1.695859336853027344e+01
-4.808339309692382812e+01 -1.651342315673828125e+02 1.712766456604003906e+01
-4.680989074707031250e+01 -1.651315460205078125e+02 1.723995780944824219e+01
-4.549012756347656250e+01 -1.651103820800781250e+02 1.724003601074218750e+01
-4.429203414916992188e+01 -1.651073455810546875e+02 1.708898544311523438e+01
-4.311128997802734375e+01 -1.651191101074218750e+02 1.702164840698242188e+01
-4.196339416503906250e+01 -1.651280975341796875e+02 1.703073692321777344e+01
-4.081381988525390625e+01 -1.651298370361328125e+02 1.715592193603515625e+01
-3.967824935913085938e+01 -1.651294860839843750e+02 1.711923980712890625e+01
-3.863405990600585938e+01 -1.650444335937500000e+02 1.685809516906738281e+01
-3.743857955932617188e+01 -1.649331207275390625e+02 1.655260848999023438e+01
-3.639541244506835938e+01 -1.648792724609375000e+02 1.634321975708007812e+01
-3.525451278686523438e+01 -1.649498596191406250e+02 1.624781608581542969e+01
-3.416255187988281250e+01 -1.651136932373046875e+02 1.627478408813476562e+01
-3.305191421508789062e+01 -1.652069091796875000e+02 1.634823989868164062e+01
-3.192512702941894531e+01 -1.651762237548828125e+02 1.630695724487304688e+01
-3.077471351623535156e+01 -1.651334533691406250e+02 1.640350151062011719e+01
-2.966920280456542969e+01 -1.651100921630859375e+02 1.662008285522460938e+01
-2.854753684997558594e+01 -1.651202850341796875e+02 1.659081268310546875e+01
-2.744725036621093750e+01 -1.651095886230468750e+02 1.657872772216796875e+01
-2.637355613708496094e+01 -1.651186523437500000e+02 1.658185577392578125e+01
-2.530388450622558594e+01 -1.650909881591796875e+02 1.646603965759277344e+01
-2.424151039123535156e+01 -1.651205596923828125e+02 1.662436294555664062e+01
-2.316739273071289062e+01 -1.652098236083984375e+02 1.671819114685058594e+01
-2.219522857666015625e+01 -1.652957153320312500e+02 1.660083580017089844e+01
-2.122010993957519531e+01 -1.653496093750000000e+02 1.635308647155761719e+01
-2.026541709899902344e+01 -1.653928833007812500e+02 1.619778442382812500e+01
-1.936852455139160156e+01 -1.653687133789062500e+02 1.613788223266601562e+01
-1.846287536621093750e+01 -1.653348236083984375e+02 1.607168006896972656e+01
-1.747815132141113281e+01 -1.653255004882812500e+02 1.618081665039062500e+01
-1.648918533325195312e+01 -1.653259277343750000e+02 1.632002830505371094e+01
-1.553205871582031250e+01 -1.653049163818359375e+02 1.632389068603515625e+01
-1.457212162017822266e+01 -1.653259887695312500e+02 1.628005599975585938e+01
-1.358242988586425781e+01 -1.654035491943359375e+02 1.611763954162597656e+01
-1.255432605743408203e+01 -1.654187622070312500e+02 1.604777336120605469e+01
-1.150061130523681641e+01 -1.654018707275390625e+02 1.605711746215820312e+01
-1.048724365234375000e+01 -1.653799438476562500e+02 1.584723377227783203e+01
-9.477408409118652344e+00 -1.653838195800781250e+02 1.601394271850585938e+01
-8.495395660400390625e+00 -1.653521881103515625e+02 1.636383628845214844e+01
-7.779263973236083984e+00 -1.653869476318359375e+02 1.605626296997070312e+01
-7.584615230560302734e+00 -1.655540161132812500e+02 1.488215160369873047e+01
-7.680254936218261719e+00 -1.656407928466796875e+02 1.372909736633300781e+01
-8.097759246826171875e+00 -1.656177062988281250e+02 1.279985046386718750e+01
-8.752314567565917969e+00 -1.655391387939453125e+02 1.253384208679199219e+01
-9.337778091430664062e+00 -1.654043884277343750e+02 1.229406261444091797e+01
-9.616127967834472656e+00 -1.652789764404296875e+02 1.128475952148437500e+01
-9.578653335571289062e+00 -1.652010955810546875e+02 1.024349689483642578e+01
-9.222208976745605469e+00 -1.652128448486328125e+02 9.695887565612792969e+00
-8.629096031188964844e+00 -1.653103332519531250e+02 9.927045822143554688e+00
-8.094463348388671875e+00 -1.655647430419921875e+02 1.086962604522705078e+01
-7.776553153991699219e+00 -1.659221038818359375e+02 1.129477500915527344e+01
-7.131452560424804688e+00 -1.660449829101562500e+02 1.109339904785156250e+01
-6.354285240173339844e+00 -1.659946441650390625e+02 1.074060440063476562e+01
-5.580357551574707031e+00 -1.657835388183593750e+02 1.071339797973632812e+01
-4.709856033325195312e+00 -1.655309906005859375e+02 1.065891742706298828e+01
-3.883314371109008789e+00 -1.652881622314453125e+02 1.072448921203613281e+01
-3.017912149429321289e+00 -1.650553436279296875e+02 1.071188449859619141e+01
-2.163123607635498047e+00 -1.648540954589843750e+02 1.094949722290039062e+01
-1.206779479980468750e+00 -1.646242218017578125e+02 1.106133174896240234e+01
-2.409191429615020752e-01 -1.644351654052734375e+02 1.114253616333007812e+01
7.343947291374206543e-01 -1.641856842041015625e+02 1.101551723480224609e+01
1.675366163253784180e+00 -1.638005981445312500e+02 1.095722866058349609e+01
2.588999509811401367e+00 -1.633963775634765625e+02 1.094552803039550781e+01
3.461735486984252930e+00 -1.630711975097656250e+02 1.107211875915527344e+01
4.367505073547363281e+00 -1.627817077636718750e+02 1.124224853515625000e+01
5.224438190460205078e+00 -1.625575561523437500e+02 1.130583000183105469e+01
6.038242816925048828e+00 -1.623783264160156250e+02 1.121122074127197266e+01
6.862146854400634766e+00 -1.620755920410156250e+02 1.122771072387695312e+01
7.630842685699462891e+00 -1.615668487548828125e+02 1.108599376678466797e+01
8.328217506408691406e+00 -1.609717407226562500e+02 1.117097377777099609e+01
9.051247596740722656e+00 -1.602912597656250000e+02 1.118627166748046875e+01
9.773287773132324219e+00 -1.596259002685546875e+02 1.143296337127685547e+01
1.057351207733154297e+01 -1.589774627685546875e+02 1.150798416137695312e+01
1.136479663848876953e+01 -1.584243774414062500e+02 1.135970306396484375e+01
1.217548656463623047e+01 -1.578156433105468750e+02 1.137978839874267578e+01
1.300700759887695312e+01 -1.571619262695312500e+02 1.134664058685302734e+01
1.383410835266113281e+01 -1.564687805175781250e+02 1.137345314025878906e+01
1.461641788482666016e+01 -1.557553405761718750e+02 1.140559577941894531e+01
1.533448314666748047e+01 -1.550561218261718750e+02 1.196517467498779297e+01
1.597325801849365234e+01 -1.544394531250000000e+02 1.303615474700927734e+01
1.650940132141113281e+01 -1.538905639648437500e+02 1.398953723907470703e+01
1.690915870666503906e+01 -1.533242645263671875e+02 1.476291751861572266e+01
1.717344856262207031e+01 -1.526797790527343750e+02 1.548382377624511719e+01
1.742798423767089844e+01 -1.520005187988281250e+02 1.654980087280273438e+01
1.767004776000976562e+01 -1.513722839355468750e+02 1.700058364868164062e+01
1.779418373107910156e+01 -1.506457061767578125e+02 1.642826080322265625e+01
1.794547271728515625e+01 -1.498557434082031250e+02 1.613405799865722656e+01
1.819685554504394531e+01 -1.489610748291015625e+02 1.583517169952392578e+01
1.862661170959472656e+01 -1.480447540283203125e+02 1.547174739837646484e+01
1.914178085327148438e+01 -1.471343841552734375e+02 1.505307197570800781e+01
1.959674644470214844e+01 -1.462380523681640625e+02 1.469329643249511719e+01
1.997407722473144531e+01 -1.452649536132812500e+02 1.406648445129394531e+01
2.033462905883789062e+01 -1.442608489990234375e+02 1.364288139343261719e+01
2.070390510559082031e+01 -1.432622375488281250e+02 1.370596027374267578e+01
2.112783813476562500e+01 -1.423168945312500000e+02 1.393919372558593750e+01
2.182072067260742188e+01 -1.416331024169921875e+02 1.349781703948974609e+01
2.258712196350097656e+01 -1.412985992431640625e+02 1.269661235809326172e+01
2.339682769775390625e+01 -1.411519622802734375e+02 1.187334346771240234e+01
2.416007232666015625e+01 -1.411716766357421875e+02 1.105317401885986328e+01
2.483379554748535156e+01 -1.413169403076171875e+02 1.026673603057861328e+01
2.541723251342773438e+01 -1.415062561035156250e+02 9.437351226806640625e+00
2.602545356750488281e+01 -1.417921905517578125e+02 8.647671699523925781e+00
2.664509010314941406e+01 -1.420767211914062500e+02 8.064168930053710938e+00
2.728112983703613281e+01 -1.424754638671875000e+02 7.388312816619873047e+00
2.793672370910644531e+01 -1.429116821289062500e+02 6.913640022277832031e+00
2.865802192687988281e+01 -1.434204864501953125e+02 6.862301349639892578e+00
2.926217651367187500e+01 -1.438437957763671875e+02 6.666617870330810547e+00
2.964797019958496094e+01 -1.436391296386718750e+02 6.464067935943603516e+00
2.984608840942382812e+01 -1.429935455322265625e+02 6.521340847015380859e+00
2.992901611328125000e+01 -1.420991668701171875e+02 6.675657272338867188e+00
2.993165397644042969e+01 -1.410823364257812500e+02 6.911902427673339844e+00
2.961410140991210938e+01 -1.403012695312500000e+02 7.036954402923583984e+00
2.910200119018554688e+01 -1.401670989990234375e+02 6.602703571319580078e+00
2.882919311523437500e+01 -1.405973358154296875e+02 5.896024227142333984e+00
2.871612167358398438e+01 -1.410126190185546875e+02 5.477022171020507812e+00
2.871066665649414062e+01 -1.410353851318359375e+02 5.324783802032470703e+00
2.872058486938476562e+01 -1.410331268310546875e+02 5.296945571899414062e+00
2.872195434570312500e+01 -1.410328674316406250e+02 5.291417598724365234e+00
2.872452545166015625e+01 -1.410325317382812500e+02 5.283246994018554688e+00
2.872452545166015625e+01 -1.410325317382812500e+02 5.283246994018554688e+00
2.873226165771484375e+01 -1.410309906005859375e+02 5.260197162628173828e+00
2.873559951782226562e+01 -1.410310668945312500e+02 5.248289585113525391e+00
2.873584365844726562e+01 -1.410310516357421875e+02 5.247582912445068359e+00
2.874036407470703125e+01 -1.410316009521484375e+02 5.234052181243896484e+00
2.882165527343750000e+01 -1.411244964599609375e+02 5.063724040985107422e+00
2.891848754882812500e+01 -1.412624206542968750e+02 5.025562286376953125e+00
2.892016601562500000e+01 -1.412624053955078125e+02 5.022104263305664062e+00
2.892537307739257812e+01 -1.412621917724609375e+02 5.036376953125000000e+00
2.893132972717285156e+01 -1.412603149414062500e+02 5.030338764190673828e+00
2.893235206604003906e+01 -1.412608184814453125e+02 5.035609722137451172e+00
2.893461418151855469e+01 -1.412609558105468750e+02 5.027309417724609375e+00
2.893966674804687500e+01 -1.412613983154296875e+02 5.015162944793701172e+00
2.893998527526855469e+01 -1.412614135742187500e+02 5.014379978179931641e+00
2.894211387634277344e+01 -1.412614746093750000e+02 5.010416984558105469e+00
2.899321556091308594e+01 -1.413139953613281250e+02 4.790381431579589844e+00
2.923260879516601562e+01 -1.416989440917968750e+02 4.598877906799316406e+00
2.954695320129394531e+01 -1.422396850585937500e+02 5.009776592254638672e+00
2.988574600219726562e+01 -1.428669586181640625e+02 5.447721004486083984e+00
3.028901863098144531e+01 -1.434651184082031250e+02 6.004425048828125000e+00
3.081633186340332031e+01 -1.436926422119140625e+02 6.457049369812011719e+00
3.140515136718750000e+01 -1.435142211914062500e+02 6.803841590881347656e+00
3.205039978027343750e+01 -1.428902282714843750e+02 6.703008651733398438e+00
3.269330978393554688e+01 -1.421770019531250000e+02 6.342081546783447266e+00
3.350780868530273438e+01 -1.417453613281250000e+02 6.240352630615234375e+00
3.452202224731445312e+01 -1.415511474609375000e+02 6.303905963897705078e+00
3.552986526489257812e+01 -1.415365295410156250e+02 6.336420059204101562e+00
3.650046920776367188e+01 -1.416199951171875000e+02 6.522981643676757812e+00
3.754682922363281250e+01 -1.417232971191406250e+02 6.603121757507324219e+00
3.857732009887695312e+01 -1.417467651367187500e+02 6.622395992279052734e+00
3.949261474609375000e+01 -1.417471771240234375e+02 6.504379749298095703e+00
4.047464370727539062e+01 -1.417509460449218750e+02 6.686044692993164062e+00
4.149564361572265625e+01 -1.417482452392578125e+02 6.899986267089843750e+00
4.245850372314453125e+01 -1.416787261962890625e+02 6.899378299713134766e+00
4.341408920288085938e+01 -1.415289154052734375e+02 6.943279743194580078e+00
4.436106872558593750e+01 -1.414594268798828125e+02 7.004976272583007812e+00
4.527219009399414062e+01 -1.414835815429687500e+02 7.252665996551513672e+00
4.618716049194335938e+01 -1.415440979003906250e+02 7.503147602081298828e+00
4.711495971679687500e+01 -1.416063537597656250e+02 7.661308288574218750e+00
4.808859252929687500e+01 -1.417192840576171875e+02 7.573551654815673828e+00
4.904921722412109375e+01 -1.418828125000000000e+02 7.735688209533691406e+00
5.004484939575195312e+01 -1.420214233398437500e+02 7.715836524963378906e+00
5.100786209106445312e+01 -1.420403594970703125e+02 7.760022640228271484e+00
5.191417312622070312e+01 -1.420087432861328125e+02 8.290081024169921875e+00
5.283997344970703125e+01 -1.418504028320312500e+02 8.506411552429199219e+00
5.372006607055664062e+01 -1.415957183837890625e+02 8.381151199340820312e+00
5.468476104736328125e+01 -1.414041290283203125e+02 7.887449741363525391e+00
5.566646957397460938e+01 -1.412124176025390625e+02 7.538807392120361328e+00
5.668815231323242188e+01 -1.409970092773437500e+02 7.368863582611083984e+00
5.779536437988281250e+01 -1.408593750000000000e+02 7.232772827148437500e+00
5.893183898925781250e+01 -1.407535247802734375e+02 7.112802505493164062e+00
6.014746093750000000e+01 -1.405909576416015625e+02 6.924694538116455078e+00
6.132576370239257812e+01 -1.403797760009765625e+02 6.487795829772949219e+00
6.247264862060546875e+01 -1.401593170166015625e+02 6.104547977447509766e+00
6.367717742919921875e+01 -1.399261016845703125e+02 5.689931392669677734e+00
6.494361877441406250e+01 -1.396747894287109375e+02 5.444094181060791016e+00
6.623177337646484375e+01 -1.393675079345703125e+02 5.171786308288574219e+00
6.730864715576171875e+01 -1.388321990966796875e+02 4.903225421905517578e+00
6.816790008544921875e+01 -1.380158233642578125e+02 5.030477523803710938e+00
6.890052032470703125e+01 -1.370922698974609375e+02 5.324798583984375000e+00
6.952787780761718750e+01 -1.361338958740234375e+02 5.644523620605468750e+00
7.016432952880859375e+01 -1.350908203125000000e+02 5.639328002929687500e+00
7.082392883300781250e+01 -1.339754943847656250e+02 5.837794780731201172e+00
7.135419464111328125e+01 -1.329658355712890625e+02 5.935173034667968750e+00
7.178037261962890625e+01 -1.320134582519531250e+02 5.856609821319580078e+00
7.215419006347656250e+01 -1.310540008544921875e+02 6.129301548004150391e+00
7.258679962158203125e+01 -1.300721130371093750e+02 6.102764606475830078e+00
7.304638671875000000e+01 -1.290900573730468750e+02 6.149553298950195312e+00
7.349845123291015625e+01 -1.280669403076171875e+02 6.255237102508544922e+00
7.383255767822265625e+01 -1.270189819335937500e+02 6.466585636138916016e+00
7.408712768554687500e+01 -1.260141220092773438e+02 6.172601699829101562e+00
7.422896575927734375e+01 -1.250519866943359375e+02 6.044667720794677734e+00
7.424498748779296875e+01 -1.240760803222656250e+02 6.095206737518310547e+00
7.425328063964843750e+01 -1.231026153564453125e+02 6.307177543640136719e+00
7.423125457763671875e+01 -1.221866149902343750e+02 6.311260700225830078e+00
7.415975189208984375e+01 -1.212348022460937500e+02 6.395370960235595703e+00
7.368340301513671875e+01 -1.211480331420898438e+02 5.984637260437011719e+00
7.329888153076171875e+01 -1.207760925292968750e+02 5.673798084259033203e+00
7.295668029785156250e+01 -1.201368560791015625e+02 5.934411525726318359e+00
7.281890106201171875e+01 -1.193854751586914062e+02 5.968175411224365234e+00
7.309173583984375000e+01 -1.186072921752929688e+02 5.624822139739990234e+00
7.352597045898437500e+01 -1.178051986694335938e+02 5.130587100982666016e+00
7.403869628906250000e+01 -1.169535598754882812e+02 4.862430095672607422e+00
7.462236022949218750e+01 -1.160271301269531250e+02 4.729884147644042969e+00
7.511457824707031250e+01 -1.151310729980468750e+02 4.290016651153564453e+00
7.557041168212890625e+01 -1.143153610229492188e+02 3.965429544448852539e+00
7.602425384521484375e+01 -1.134623718261718750e+02 3.424322843551635742e+00
7.632260894775390625e+01 -1.126120681762695312e+02 2.765947818756103516e+00
7.653758239746093750e+01 -1.117258758544921875e+02 2.202684879302978516e+00
7.671866607666015625e+01 -1.108774490356445312e+02 1.837357163429260254e+00
7.695223999023437500e+01 -1.100513000488281250e+02 1.290084242820739746e+00
7.729296875000000000e+01 -1.092453689575195312e+02 8.252376317977905273e-01
7.762491607666015625e+01 -1.084397811889648438e+02 2.509436011314392090e-01
7.786772918701171875e+01 -1.075730133056640625e+02 -4.861970543861389160e-01
7.807180023193359375e+01 -1.067385101318359375e+02 -1.004191279411315918e+00
7.826410675048828125e+01 -1.058741760253906250e+02 -1.706115126609802246e+00
7.840247344970703125e+01 -1.050203475952148438e+02 -2.264825344085693359e+00
7.842340850830078125e+01 -1.042972335815429688e+02 -2.838548898696899414e+00
7.839814758300781250e+01 -1.036338195800781250e+02 -3.318148136138916016e+00
7.829683685302734375e+01 -1.030041961669921875e+02 -3.872581005096435547e+00
7.810807037353515625e+01 -1.025308380126953125e+02 -4.408761024475097656e+00
7.783281707763671875e+01 -1.022499847412109375e+02 -4.496601581573486328e+00
7.760012054443359375e+01 -1.020881118774414062e+02 -4.489451408386230469e+00
7.759574127197265625e+01 -1.015773696899414062e+02 -4.490404129028320312e+00
7.772080993652343750e+01 -1.007631683349609375e+02 -4.509046554565429688e+00
7.784627532958984375e+01 -9.986434173583984375e+01 -4.708435058593750000e+00
7.792755889892578125e+01 -9.895243072509765625e+01 -4.844741821289062500e+00
7.801309967041015625e+01 -9.804307556152343750e+01 -4.786713600158691406e+00
7.804183197021484375e+01 -9.712985992431640625e+01 -4.896385192871093750e+00
7.789064788818359375e+01 -9.631734466552734375e+01 -5.045054912567138672e+00
7.753549194335937500e+01 -9.569905090332031250e+01 -5.052102088928222656e+00
7.706197357177734375e+01 -9.500318908691406250e+01 -5.151314735412597656e+00
7.653057098388671875e+01 -9.424679565429687500e+01 -5.212154865264892578e+00
7.590243530273437500e+01 -9.348110198974609375e+01 -5.317065238952636719e+00
7.521452331542968750e+01 -9.266557312011718750e+01 -5.586164951324462891e+00
7.451310729980468750e+01 -9.184629058837890625e+01 -5.965786457061767578e+00
7.388022613525390625e+01 -9.113540649414062500e+01 -6.285032749176025391e+00
7.325875854492187500e+01 -9.043538665771484375e+01 -6.268291950225830078e+00
7.255986785888671875e+01 -8.970178222656250000e+01 -6.255394935607910156e+00
7.183000183105468750e+01 -8.889724731445312500e+01 -6.419301033020019531e+00
7.116630554199218750e+01 -8.813076782226562500e+01 -6.222553730010986328e+00
7.055540466308593750e+01 -8.738153839111328125e+01 -6.252499103546142578e+00
6.992430114746093750e+01 -8.673159790039062500e+01 -6.460382938385009766e+00
6.921910095214843750e+01 -8.610848236083984375e+01 -6.634583473205566406e+00
6.848262023925781250e+01 -8.546362304687500000e+01 -6.674567699432373047e+00
6.777005004882812500e+01 -8.474244689941406250e+01 -6.834453105926513672e+00
6.707720184326171875e+01 -8.395209503173828125e+01 -6.810687065124511719e+00
6.645693206787109375e+01 -8.323226165771484375e+01 -6.907445430755615234e+00
6.586454772949218750e+01 -8.248996734619140625e+01 -6.999650955200195312e+00
6.521411895751953125e+01 -8.165901184082031250e+01 -7.322966098785400391e+00
6.461678314208984375e+01 -8.092604827880859375e+01 -7.650094509124755859e+00
6.405615234375000000e+01 -8.025603485107421875e+01 -7.679472446441650391e+00
6.347792816162109375e+01 -7.965813446044921875e+01 -7.671044349670410156e+00
6.287294769287109375e+01 -7.898809051513671875e+01 -7.826552391052246094e+00
6.229121398925781250e+01 -7.826722717285156250e+01 -8.011173248291015625e+00
6.172434997558593750e+01 -7.759897613525390625e+01 -8.118937492370605469e+00
6.109764862060546875e+01 -7.688448333740234375e+01 -8.053923606872558594e+00
6.044081497192382812e+01 -7.611227416992187500e+01 -8.207985877990722656e+00
5.976272201538085938e+01 -7.527445220947265625e+01 -8.352407455444335938e+00
5.913461685180664062e+01 -7.441088867187500000e+01 -8.289443016052246094e+00
5.865865707397460938e+01 -7.357930755615234375e+01 -8.494963645935058594e+00
5.825299835205078125e+01 -7.278931427001953125e+01 -8.724972724914550781e+00
5.782668685913085938e+01 -7.199821472167968750e+01 -8.830467224121093750e+00
5.730629730224609375e+01 -7.122116851806640625e+01 -9.022484779357910156e+00
5.677577972412109375e+01 -7.053392028808593750e+01 -9.041028976440429688e+00
5.623487091064453125e+01 -6.983798980712890625e+01 -9.105378150939941406e+00
5.570582962036132812e+01 -6.909131622314453125e+01 -8.957532882690429688e+00
5.519302749633789062e+01 -6.818387603759765625e+01 -8.908751487731933594e+00
5.465133285522460938e+01 -6.757607269287109375e+01 -8.904376029968261719e+00
5.408639907836914062e+01 -6.738671112060546875e+01 -9.010285377502441406e+00
5.360681533813476562e+01 -6.699816131591796875e+01 -9.338884353637695312e+00
5.302231979370117188e+01 -6.641935729980468750e+01 -9.441188812255859375e+00
5.235228729248046875e+01 -6.571789550781250000e+01 -9.671570777893066406e+00
5.180317687988281250e+01 -6.499696350097656250e+01 -9.785986900329589844e+00
5.133707427978515625e+01 -6.426974487304687500e+01 -9.832454681396484375e+00
5.080971145629882812e+01 -6.353736114501953125e+01 -9.898805618286132812e+00
5.018358230590820312e+01 -6.274673843383789062e+01 -9.942746162414550781e+00
4.954809570312500000e+01 -6.200305938720703125e+01 -9.872646331787109375e+00
4.895297241210937500e+01 -6.126047897338867188e+01 -1.006580257415771484e+01
4.839112091064453125e+01 -6.048080825805664062e+01 -1.018330574035644531e+01
4.779475021362304688e+01 -5.976566314697265625e+01 -1.038704586029052734e+01
4.713322067260742188e+01 -5.911398315429687500e+01 -1.051211071014404297e+01
4.649117660522460938e+01 -5.844146728515625000e+01 -1.059000587463378906e+01
4.597170257568359375e+01 -5.773739242553710938e+01 -1.075535297393798828e+01
4.543322753906250000e+01 -5.701019287109375000e+01 -1.094260597229003906e+01
4.486660003662109375e+01 -5.625307464599609375e+01 -1.115007019042968750e+01
4.432373046875000000e+01 -5.548329925537109375e+01 -1.111648273468017578e+01
4.373073196411132812e+01 -5.464033889770507812e+01 -1.115413379669189453e+01
4.306442260742187500e+01 -5.381569671630859375e+01 -1.103543567657470703e+01
