-6.847845458984375000e+01 -1.665583496093750000e+02 1.638431549072265625e+01
-6.826390838623046875e+01 -1.665531158447265625e+02 1.634576225280761719e+01
-6.748444366455078125e+01 -1.665113220214843750e+02 1.625163459777832031e+01
-6.638327789306640625e+01 -1.664975738525390625e+02 1.636394500732421875e+01
-6.517858886718750000e+01 -1.664855194091796875e+02 1.674644851684570312e+01
-6.379195022583007812e+01 -1.664487915039062500e+02 1.701195907592773438e+01
-6.245127868652343750e+01 -1.663007965087890625e+02 1.709156036376953125e+01
-6.119878768920898438e+01 -1.661561737060546875e+02 1.720493316650390625e+01
-5.993846511840820312e+01 -1.659953155517578125e+02 1.714260482788085938e+01
-5.863634109497070312e+01 -1.658600311279296875e+02 1.738859367370605469e+01
-5.735553741455078125e+01 -1.657673187255859375e+02 1.742642211914062500e+01
-5.608031463623046875e+01 -1.657005767822265625e+02 1.709501838684082031e+01
-5.480178070068359375e+01 -1.656665191650390625e+02 1.689726066589355469e+01
-5.352421188354492188e+01 -1.655710906982421875e+02 1.655520057678222656e+01
-5.239990997314453125e+01 -1.653506622314453125e+02 1.601364517211914062e+01
-5.126699066162109375e+01 -1.650712432861328125e+02 1.593889236450195312e+01
-5.007527160644531250e+01 -1.648996887207031250e+02 1.646500015258789062e+01
-4.886942672729492188e+01 -1.648121643066406250e+02 1.657149887084960938e+01
-4.770248794555664062e+01 -1.647266387939453125e+02 1.662553405761718750e+01
-4.652089691162109375e+01 -1.646382751464843750e+02 1.678935813903808594e+01
-4.532684326171875000e+01 -1.646504211425781250e+02 1.674347114562988281e+01
-4.412826919555664062e+01 -1.647286682128906250e+02 1.676400566101074219e+01
-4.303658294677734375e+01 -1.648267517089843750e+02 1.684613990783691406e+01
-4.194121170043945312e+01 -1.649405822753906250e+02 1.695311355590820312e+01
-4.082574462890625000e+01 -1.651162872314453125e+02 1.679512214660644531e+01
-3.976435852050781250e+01 -1.653076477050781250e+02 1.670743179321289062e+01
-3.870982742309570312e+01 -1.655033569335937500e+02 1.653948402404785156e+01
-3.763045501708984375e+01 -1.656773376464843750e+02 1.639730453491210938e+01
-3.648759460449218750e+01 -1.657299346923828125e+02 1.639028739929199219e+01
-3.538212585449218750e+01 -1.655783386230468750e+02 1.617014503479003906e+01
-3.439980697631835938e+01 -1.653234100341796875e+02 1.640669059753417969e+01
-3.361951065063476562e+01 -1.651716613769531250e+02 1.658647155761718750e+01
-3.259448623657226562e+01 -1.650616302490234375e+02 1.689739799499511719e+01
-3.157298088073730469e+01 -1.651327056884765625e+02 1.687624549865722656e+01
-3.055998039245605469e+01 -1.652714385986328125e+02 1.685896873474121094e+01
-2.951680183410644531e+01 -1.653521881103515625e+02 1.684923362731933594e+01
-2.846210098266601562e+01 -1.654343261718750000e+02 1.704854011535644531e+01
-2.742950057983398438e+01 -1.655778808593750000e+02 1.711927223205566406e+01
-2.625224494934082031e+01 -1.656986999511718750e+02 1.679880714416503906e+01
-2.517680168151855469e+01 -1.657615051269531250e+02 1.667421722412109375e+01
-2.405196189880371094e+01 -1.657730102539062500e+02 1.643494415283203125e+01
-2.288596534729003906e+01 -1.656664428710937500e+02 1.619333648681640625e+01
-2.176731109619140625e+01 -1.654800109863281250e+02 1.630137443542480469e+01
-2.069857597351074219e+01 -1.652465820312500000e+02 1.627404403686523438e+01
-1.972065544128417969e+01 -1.650483093261718750e+02 1.607223320007324219e+01
-1.878535270690917969e+01 -1.650916595458984375e+02 1.601281356811523438e+01
-1.780687713623046875e+01 -1.651103820800781250e+02 1.597243022918701172e+01
-1.685185623168945312e+01 -1.651095428466796875e+02 1.613594436645507812e+01
-1.593046855926513672e+01 -1.651119079589843750e+02 1.611553955078125000e+01
-1.504609584808349609e+01 -1.650874176025390625e+02 1.597211742401123047e+01
-1.419513988494873047e+01 -1.650999908447265625e+02 1.606077003479003906e+01
-1.327333927154541016e+01 -1.651170654296875000e+02 1.612936019897460938e+01
-1.227862644195556641e+01 -1.650838470458984375e+02 1.608305358886718750e+01
-1.121598148345947266e+01 -1.650922088623046875e+02 1.630761528015136719e+01
-1.007540512084960938e+01 -1.651467132568359375e+02 1.625796318054199219e+01
-9.063744544982910156e+00 -1.652051086425781250e+02 1.626430320739746094e+01
-8.131649017333984375e+00 -1.653432769775390625e+02 1.629705619812011719e+01
-7.408060073852539062e+00 -1.655304107666015625e+02 1.569963264465332031e+01
-7.184471130371093750e+00 -1.655555114746093750e+02 1.458336544036865234e+01
-7.413977622985839844e+00 -1.654824523925781250e+02 1.356144046783447266e+01
-8.055159568786621094e+00 -1.654031372070312500e+02 1.309410476684570312e+01
-8.884514808654785156e+00 -1.653753814697265625e+02 1.317743110656738281e+01
-9.609324455261230469e+00 -1.653846588134765625e+02 1.267624568939208984e+01
-9.890751838684082031e+00 -1.653534698486328125e+02 1.143924331665039062e+01
-9.824613571166992188e+00 -1.653893737792968750e+02 1.065762805938720703e+01
-9.441971778869628906e+00 -1.654563446044921875e+02 1.005546665191650391e+01
-8.819630622863769531e+00 -1.655200500488281250e+02 9.820699691772460938e+00
-8.084442138671875000e+00 -1.655694122314453125e+02 1.023394012451171875e+01
-7.328283309936523438e+00 -1.655209197998046875e+02 1.062744712829589844e+01
-6.488589286804199219e+00 -1.653805084228515625e+02 1.076196002960205078e+01
-5.616426944732666016e+00 -1.651916351318359375e+02 1.081666088104248047e+01
-4.758891105651855469e+00 -1.649809112548828125e+02 1.074572944641113281e+01
-3.888958454132080078e+00 -1.647992553710937500e+02 1.086693191528320312e+01
-2.952862739562988281e+00 -1.646684112548828125e+02 1.085081481933593750e+01
-1.985310792922973633e+00 -1.645224914550781250e+02 1.075790882110595703e+01
-1.041090965270996094e+00 -1.643990020751953125e+02 1.066034126281738281e+01
-1.428199112415313721e-01 -1.641824951171875000e+02 1.067842292785644531e+01
6.819708943367004395e-01 -1.639465026855468750e+02 1.062936973571777344e+01
1.472644567489624023e+00 -1.637098693847656250e+02 1.064976882934570312e+01
2.243234395980834961e+00 -1.634467010498046875e+02 1.073044395446777344e+01
2.977362632751464844e+00 -1.632214965820312500e+02 1.075199317932128906e+01
3.691874504089355469e+00 -1.630180969238281250e+02 1.098551940917968750e+01
4.489537239074707031e+00 -1.628805236816406250e+02 1.127361011505126953e+01
5.334628105163574219e+00 -1.628175659179687500e+02 1.132936954498291016e+01
6.182026863098144531e+00 -1.626737518310546875e+02 1.105880928039550781e+01
6.868256568908691406e+00 -1.623189544677734375e+02 1.095243740081787109e+01
7.588685035705566406e+00 -1.618337097167968750e+02 1.105331230163574219e+01
8.282400131225585938e+00 -1.612808380126953125e+02 1.103800868988037109e+01
8.918391227722167969e+00 -1.606661071777343750e+02 1.089916706085205078e+01
9.549451828002929688e+00 -1.600226745605468750e+02 1.062124824523925781e+01
1.017202854156494141e+01 -1.594622497558593750e+02 1.043881797790527344e+01
1.080769538879394531e+01 -1.588889770507812500e+02 1.052209472656250000e+01
1.152491664886474609e+01 -1.583297576904296875e+02 1.058939647674560547e+01
1.228202342987060547e+01 -1.577047729492187500e+02 1.069028663635253906e+01
1.304369449615478516e+01 -1.570764465332031250e+02 1.104405212402343750e+01
1.377861881256103516e+01 -1.564853057861328125e+02 1.129169940948486328e+01
1.447891807556152344e+01 -1.558997192382812500e+02 1.135419750213623047e+01
1.509464931488037109e+01 -1.552150268554687500e+02 1.174659538269042969e+01
1.555450153350830078e+01 -1.544938507080078125e+02 1.218056869506835938e+01
1.597194766998291016e+01 -1.538116607666015625e+02 1.305126762390136719e+01
1.625235939025878906e+01 -1.532283020019531250e+02 1.389829540252685547e+01
1.650612831115722656e+01 -1.526848144531250000e+02 1.472095298767089844e+01
1.679135894775390625e+01 -1.521457519531250000e+02 1.563558483123779297e+01
1.715881347656250000e+01 -1.517451629638671875e+02 1.641252899169921875e+01
1.757681465148925781e+01 -1.515101013183593750e+02 1.676340866088867188e+01
1.808445549011230469e+01 -1.513016510009765625e+02 1.649134635925292969e+01
1.852177429199218750e+01 -1.507938232421875000e+02 1.617062377929687500e+01
1.886067390441894531e+01 -1.501070404052734375e+02 1.594377422332763672e+01
1.916250228881835938e+01 -1.492804412841796875e+02 1.559670162200927734e+01
1.945977020263671875e+01 -1.484423370361328125e+02 1.536993885040283203e+01
1.978238677978515625e+01 -1.475212097167968750e+02 1.512433719635009766e+01
2.009959602355957031e+01 -1.465661315917968750e+02 1.460566616058349609e+01
2.039826583862304688e+01 -1.456249847412109375e+02 1.417498874664306641e+01
2.057776832580566406e+01 -1.446317443847656250e+02 1.397893905639648438e+01
2.073536300659179688e+01 -1.436488342285156250e+02 1.408790111541748047e+01
2.097624778747558594e+01 -1.426895294189453125e+02 1.375934696197509766e+01
2.124464035034179688e+01 -1.419734802246093750e+02 1.318088912963867188e+01
2.169827079772949219e+01 -1.416139068603515625e+02 1.230394268035888672e+01
2.230812644958496094e+01 -1.414863281250000000e+02 1.175688838958740234e+01
2.305092239379882812e+01 -1.414966888427734375e+02 1.120078849792480469e+01
2.382248687744140625e+01 -1.416560821533203125e+02 1.052626419067382812e+01
2.454288482666015625e+01 -1.419281005859375000e+02 9.744927406311035156e+00
2.522921752929687500e+01 -1.423020782470703125e+02 9.205505371093750000e+00
2.589592933654785156e+01 -1.427143249511718750e+02 8.453657150268554688e+00
2.656659317016601562e+01 -1.430774383544921875e+02 8.012763023376464844e+00
2.731935882568359375e+01 -1.433201751708984375e+02 7.595233440399169922e+00
2.817237663269042969e+01 -1.434208221435546875e+02 6.990043163299560547e+00
2.901267433166503906e+01 -1.433208618164062500e+02 6.694568157196044922e+00
2.973754882812500000e+01 -1.429395141601562500e+02 6.854776382446289062e+00
3.024629974365234375e+01 -1.422726135253906250e+02 6.929551124572753906e+00
3.045673942565917969e+01 -1.414433593750000000e+02 6.870429515838623047e+00
3.030637168884277344e+01 -1.406921081542968750e+02 6.766644954681396484e+00
2.979466438293457031e+01 -1.404107818603515625e+02 6.268594741821289062e+00
2.942318344116210938e+01 -1.407012481689453125e+02 5.645641326904296875e+00
2.935486030578613281e+01 -1.409087677001953125e+02 5.396068572998046875e+00
2.935635948181152344e+01 -1.409093933105468750e+02 5.388911724090576172e+00
2.935643768310546875e+01 -1.409095764160156250e+02 5.387945652008056641e+00
2.935661125183105469e+01 -1.409105682373046875e+02 5.380905628204345703e+00
2.935698699951171875e+01 -1.409110412597656250e+02 5.376669883728027344e+00
2.935715103149414062e+01 -1.409111328125000000e+02 5.375669479370117188e+00
2.935818290710449219e+01 -1.409118957519531250e+02 5.367117881774902344e+00
2.935829734802246094e+01 -1.409119720458984375e+02 5.365882396697998047e+00
2.935995864868164062e+01 -1.409130859375000000e+02 5.355108737945556641e+00
2.936001968383789062e+01 -1.409131469726562500e+02 5.354571342468261719e+00
2.936002349853515625e+01 -1.409131927490234375e+02 5.353886127471923828e+00
2.936056137084960938e+01 -1.409138793945312500e+02 5.345979690551757812e+00
2.936127662658691406e+01 -1.409146118164062500e+02 5.339639663696289062e+00
2.936197471618652344e+01 -1.409162750244140625e+02 5.325082778930664062e+00
2.936201858520507812e+01 -1.409163665771484375e+02 5.324338436126708984e+00
2.936239433288574219e+01 -1.409168090820312500e+02 5.318314552307128906e+00
2.936253356933593750e+01 -1.409169311523437500e+02 5.316551208496093750e+00
2.936431503295898438e+01 -1.409182434082031250e+02 5.299238204956054688e+00
2.936439704895019531e+01 -1.409183197021484375e+02 5.298399448394775391e+00
2.936602210998535156e+01 -1.409197692871093750e+02 5.281573295593261719e+00
2.936605072021484375e+01 -1.409198455810546875e+02 5.280607700347900391e+00
2.936623954772949219e+01 -1.409207153320312500e+02 5.270401477813720703e+00
2.936671257019042969e+01 -1.409219818115234375e+02 5.257496356964111328e+00
2.936734580993652344e+01 -1.409235076904296875e+02 5.242009162902832031e+00
2.936781120300292969e+01 -1.409244079589843750e+02 5.234119892120361328e+00
2.936786842346191406e+01 -1.409245910644531250e+02 5.232389926910400391e+00
2.936798095703125000e+01 -1.409255981445312500e+02 5.222417354583740234e+00
2.936776542663574219e+01 -1.409259033203125000e+02 5.221952915191650391e+00
2.936776542663574219e+01 -1.409259033203125000e+02 5.221952915191650391e+00
2.936757469177246094e+01 -1.409263610839843750e+02 5.221169471740722656e+00
2.935883140563964844e+01 -1.409291839599609375e+02 5.217081069946289062e+00
2.935733985900878906e+01 -1.409298248291015625e+02 5.216381549835205078e+00
2.935733985900878906e+01 -1.409298248291015625e+02 5.216381549835205078e+00
2.935725593566894531e+01 -1.409299621582031250e+02 5.216195106506347656e+00
2.935633277893066406e+01 -1.409316101074218750e+02 5.214053630828857422e+00
2.935607528686523438e+01 -1.409322357177734375e+02 5.213135719299316406e+00
2.935565757751464844e+01 -1.409334564208984375e+02 5.211373329162597656e+00
2.935565567016601562e+01 -1.409334564208984375e+02 5.211362361907958984e+00
2.935565567016601562e+01 -1.409334564208984375e+02 5.211362361907958984e+00
2.935489463806152344e+01 -1.409333648681640625e+02 5.209255218505859375e+00
2.935475921630859375e+01 -1.409330902099609375e+02 5.201981067657470703e+00
2.933716011047363281e+01 -1.409453277587890625e+02 5.190201759338378906e+00
2.933320426940917969e+01 -1.409494018554687500e+02 5.185583591461181641e+00
2.933310508728027344e+01 -1.409495697021484375e+02 5.185355186462402344e+00
2.933172607421875000e+01 -1.409518585205078125e+02 5.181804656982421875e+00
2.932578468322753906e+01 -1.409603576660156250e+02 5.179709434509277344e+00
2.932326316833496094e+01 -1.409680633544921875e+02 5.174870967864990234e+00
2.932198715209960938e+01 -1.409702301025390625e+02 5.172095775604248047e+00
2.931367301940917969e+01 -1.409841461181640625e+02 5.160045623779296875e+00
2.931291770935058594e+01 -1.409910278320312500e+02 5.154763221740722656e+00
2.931258392333984375e+01 -1.409920043945312500e+02 5.153680324554443359e+00
2.930589294433593750e+01 -1.410054016113281250e+02 5.135500431060791016e+00
2.930452537536621094e+01 -1.410162811279296875e+02 5.119852066040039062e+00
2.930446052551269531e+01 -1.410178070068359375e+02 5.117099285125732422e+00
2.934804916381835938e+01 -1.412711029052734375e+02 4.860635280609130859e+00
2.950546264648437500e+01 -1.417481842041015625e+02 4.731638431549072266e+00
2.979876708984375000e+01 -1.424116973876953125e+02 4.997892856597900391e+00
