-6.795931243896484375e+01 -1.665602722167968750e+02 1.625668525695800781e+01
-6.773342132568359375e+01 -1.665527648925781250e+02 1.615422821044921875e+01
-6.694923400878906250e+01 -1.665298767089843750e+02 1.611676597595214844e+01
-6.589021301269531250e+01 -1.664993286132812500e+02 1.623200416564941406e+01
-6.480243682861328125e+01 -1.664637298583984375e+02 1.653654670715332031e+01
-6.363766860961914062e+01 -1.664300384521484375e+02 1.651295280456542969e+01
-6.248415756225585938e+01 -1.663436431884765625e+02 1.641930961608886719e+01
-6.131932449340820312e+01 -1.662222442626953125e+02 1.634456634521484375e+01
-6.010716629028320312e+01 -1.661580047607421875e+02 1.648424720764160156e+01
-5.881189727783203125e+01 -1.661110534667968750e+02 1.660232162475585938e+01
-5.755230712890625000e+01 -1.660536346435546875e+02 1.659881973266601562e+01
-5.628173828125000000e+01 -1.659823150634765625e+02 1.663549041748046875e+01
-5.505189514160156250e+01 -1.658679046630859375e+02 1.665422630310058594e+01
-5.387133026123046875e+01 -1.657458496093750000e+02 1.650278472900390625e+01
-5.277013397216796875e+01 -1.655581054687500000e+02 1.608675384521484375e+01
-5.173276901245117188e+01 -1.654009552001953125e+02 1.599107837677001953e+01
-5.060149002075195312e+01 -1.653525085449218750e+02 1.609633636474609375e+01
-4.941006088256835938e+01 -1.653799133300781250e+02 1.616969108581542969e+01
-4.825330352783203125e+01 -1.654196624755859375e+02 1.637110328674316406e+01
-4.712722015380859375e+01 -1.654480285644531250e+02 1.639178466796875000e+01
-4.600531005859375000e+01 -1.654524383544921875e+02 1.658884811401367188e+01
-4.491843032836914062e+01 -1.653675537109375000e+02 1.668629074096679688e+01
-4.383777618408203125e+01 -1.653062133789062500e+02 1.673543357849121094e+01
-4.278754806518554688e+01 -1.652907257080078125e+02 1.675255203247070312e+01
-4.164150238037109375e+01 -1.653328704833984375e+02 1.679758644104003906e+01
-4.053774261474609375e+01 -1.654257507324218750e+02 1.691151809692382812e+01
-3.944243621826171875e+01 -1.654490356445312500e+02 1.677157402038574219e+01
-3.838813781738281250e+01 -1.654646606445312500e+02 1.684233283996582031e+01
-3.719598770141601562e+01 -1.655098571777343750e+02 1.675111198425292969e+01
-3.608311462402343750e+01 -1.654712219238281250e+02 1.627673912048339844e+01
-3.503667449951171875e+01 -1.654194946289062500e+02 1.616169166564941406e+01
-3.393493652343750000e+01 -1.653764038085937500e+02 1.634848594665527344e+01
-3.280249023437500000e+01 -1.653262786865234375e+02 1.618750381469726562e+01
-3.167725563049316406e+01 -1.652807159423828125e+02 1.638261032104492188e+01
-3.059209442138671875e+01 -1.652259674072265625e+02 1.645197486877441406e+01
-2.946689605712890625e+01 -1.652009277343750000e+02 1.632738685607910156e+01
-2.831279754638671875e+01 -1.652498168945312500e+02 1.622295761108398438e+01
-2.725941085815429688e+01 -1.653362731933593750e+02 1.621275329589843750e+01
-2.619625854492187500e+01 -1.654304656982421875e+02 1.639756774902343750e+01
-2.513036537170410156e+01 -1.654800415039062500e+02 1.667257881164550781e+01
-2.403486251831054688e+01 -1.655296325683593750e+02 1.670527458190917969e+01
-2.294408226013183594e+01 -1.655261840820312500e+02 1.665907478332519531e+01
-2.188405418395996094e+01 -1.654501190185546875e+02 1.658209228515625000e+01
-2.092862701416015625e+01 -1.653180847167968750e+02 1.620813751220703125e+01
-1.994698715209960938e+01 -1.651727752685546875e+02 1.628075218200683594e+01
-1.893981552124023438e+01 -1.651944122314453125e+02 1.625921821594238281e+01
-1.788421249389648438e+01 -1.652488403320312500e+02 1.638776016235351562e+01
-1.688414192199707031e+01 -1.653877258300781250e+02 1.648894119262695312e+01
-1.596290111541748047e+01 -1.654532928466796875e+02 1.663351440429687500e+01
-1.507007026672363281e+01 -1.654432373046875000e+02 1.680702781677246094e+01
-1.416276454925537109e+01 -1.654504852294921875e+02 1.669266891479492188e+01
-1.316640377044677734e+01 -1.654590759277343750e+02 1.665525817871093750e+01
-1.214899063110351562e+01 -1.654594726562500000e+02 1.660223197937011719e+01
-1.111605548858642578e+01 -1.653710479736328125e+02 1.645498657226562500e+01
-1.010743808746337891e+01 -1.652630767822265625e+02 1.618664169311523438e+01
-9.185651779174804688e+00 -1.651517791748046875e+02 1.604348754882812500e+01
-8.251429557800292969e+00 -1.651034088134765625e+02 1.634687042236328125e+01
-7.537504673004150391e+00 -1.652050170898437500e+02 1.622005081176757812e+01
-7.324990272521972656e+00 -1.651962432861328125e+02 1.502893161773681641e+01
-7.433690547943115234e+00 -1.651720733642578125e+02 1.406289196014404297e+01
-7.786697864532470703e+00 -1.651494445800781250e+02 1.335076999664306641e+01
-8.340116500854492188e+00 -1.651173553466796875e+02 1.296464538574218750e+01
-8.921717643737792969e+00 -1.651863861083984375e+02 1.318838119506835938e+01
-9.340871810913085938e+00 -1.654719848632812500e+02 1.307707405090332031e+01
-9.418914794921875000e+00 -1.656611022949218750e+02 1.193814182281494141e+01
-9.361768722534179688e+00 -1.657609405517578125e+02 1.086115837097167969e+01
-9.206408500671386719e+00 -1.658325500488281250e+02 1.011968994140625000e+01
-8.905663490295410156e+00 -1.658395690917968750e+02 9.848916053771972656e+00
-8.471428871154785156e+00 -1.655964050292968750e+02 1.010702705383300781e+01
-7.926112651824951172e+00 -1.651677551269531250e+02 1.015179252624511719e+01
-7.240629673004150391e+00 -1.648261108398437500e+02 1.017684268951416016e+01
-6.382088661193847656e+00 -1.645536651611328125e+02 1.017627048492431641e+01
-5.466520786285400391e+00 -1.643243103027343750e+02 1.029317951202392578e+01
-4.572136878967285156e+00 -1.641319274902343750e+02 1.058612728118896484e+01
-3.682888031005859375e+00 -1.639109344482421875e+02 1.066001319885253906e+01
-2.818859100341796875e+00 -1.636432189941406250e+02 1.071961021423339844e+01
-1.959895849227905273e+00 -1.633591918945312500e+02 1.067491531372070312e+01
-1.108496904373168945e+00 -1.631114959716796875e+02 1.072678852081298828e+01
-2.398822307586669922e-01 -1.629414215087890625e+02 1.094403553009033203e+01
5.808098912239074707e-01 -1.629153137207031250e+02 1.087378501892089844e+01
1.459292531013488770e+00 -1.628702087402343750e+02 1.096139717102050781e+01
2.408420085906982422e+00 -1.627875518798828125e+02 1.099276542663574219e+01
3.334418535232543945e+00 -1.627313995361328125e+02 1.101094436645507812e+01
4.278001308441162109e+00 -1.626874542236328125e+02 1.116256713867187500e+01
5.250432491302490234e+00 -1.626969604492187500e+02 1.121899509429931641e+01
6.100322246551513672e+00 -1.627008514404296875e+02 1.128093814849853516e+01
6.927044391632080078e+00 -1.623976745605468750e+02 1.121545124053955078e+01
7.719090938568115234e+00 -1.618947906494140625e+02 1.120221900939941406e+01
8.466007232666015625e+00 -1.613206787109375000e+02 1.116302967071533203e+01
9.234682083129882812e+00 -1.606691131591796875e+02 1.111457824707031250e+01
1.001652336120605469e+01 -1.599601745605468750e+02 1.110585308074951172e+01
1.076984882354736328e+01 -1.592350769042968750e+02 1.119930744171142578e+01
1.161160087585449219e+01 -1.584491577148437500e+02 1.108307933807373047e+01
1.239538574218750000e+01 -1.576796417236328125e+02 1.114500141143798828e+01
1.316785240173339844e+01 -1.568909454345703125e+02 1.115041828155517578e+01
1.394141101837158203e+01 -1.561921844482421875e+02 1.101571369171142578e+01
1.471925735473632812e+01 -1.555546569824218750e+02 1.136997413635253906e+01
1.539525699615478516e+01 -1.550589447021484375e+02 1.222496891021728516e+01
1.587642765045166016e+01 -1.545783843994140625e+02 1.308545303344726562e+01
1.621521949768066406e+01 -1.540820922851562500e+02 1.384505558013916016e+01
1.645867729187011719e+01 -1.535321960449218750e+02 1.449334812164306641e+01
1.664552879333496094e+01 -1.529546966552734375e+02 1.521633720397949219e+01
1.685000801086425781e+01 -1.523939361572265625e+02 1.605311203002929688e+01
1.723598098754882812e+01 -1.518818054199218750e+02 1.642939186096191406e+01
1.789839553833007812e+01 -1.514081726074218750e+02 1.655632591247558594e+01
1.860592460632324219e+01 -1.508705749511718750e+02 1.641636657714843750e+01
1.917558288574218750e+01 -1.501750946044921875e+02 1.609909057617187500e+01
1.952766799926757812e+01 -1.493941345214843750e+02 1.571185779571533203e+01
1.971591377258300781e+01 -1.485668182373046875e+02 1.520827770233154297e+01
1.988019371032714844e+01 -1.476560821533203125e+02 1.492879390716552734e+01
2.009703254699707031e+01 -1.467409362792968750e+02 1.464043426513671875e+01
2.032976150512695312e+01 -1.457528991699218750e+02 1.435680484771728516e+01
2.055913352966308594e+01 -1.446748504638671875e+02 1.424370002746582031e+01
2.081083488464355469e+01 -1.436221618652343750e+02 1.385436248779296875e+01
2.106709861755371094e+01 -1.425756683349609375e+02 1.367521858215332031e+01
2.135660552978515625e+01 -1.417172241210937500e+02 1.303363418579101562e+01
2.191732215881347656e+01 -1.413643646240234375e+02 1.203272819519042969e+01
2.256595611572265625e+01 -1.413031005859375000e+02 1.136847305297851562e+01
2.320234298706054688e+01 -1.414469451904296875e+02 1.070184516906738281e+01
2.386867332458496094e+01 -1.416246185302734375e+02 1.025284862518310547e+01
2.452418136596679688e+01 -1.417895202636718750e+02 9.679746627807617188e+00
2.527372550964355469e+01 -1.419894866943359375e+02 8.998509407043457031e+00
2.605955314636230469e+01 -1.422568511962890625e+02 8.373531341552734375e+00
2.687533187866210938e+01 -1.425734558105468750e+02 7.959388732910156250e+00
2.763590431213378906e+01 -1.429295501708984375e+02 7.451828956604003906e+00
2.824399566650390625e+01 -1.433132781982421875e+02 6.642607212066650391e+00
2.880377578735351562e+01 -1.436109466552734375e+02 6.235439777374267578e+00
2.935214614868164062e+01 -1.434002838134765625e+02 6.237493038177490234e+00
2.981477737426757812e+01 -1.427786254882812500e+02 6.446306228637695312e+00
3.008878326416015625e+01 -1.420583038330078125e+02 6.726312160491943359e+00
3.015564346313476562e+01 -1.412911834716796875e+02 6.691083431243896484e+00
2.999675178527832031e+01 -1.405386505126953125e+02 6.846266269683837891e+00
2.964682769775390625e+01 -1.401866912841796875e+02 6.489275455474853516e+00
2.943759918212890625e+01 -1.403840179443359375e+02 5.735776424407958984e+00
2.933498191833496094e+01 -1.409171600341796875e+02 5.532577991485595703e+00
2.926710891723632812e+01 -1.409331970214843750e+02 5.334553241729736328e+00
2.926652336120605469e+01 -1.409333801269531250e+02 5.320538997650146484e+00
2.926723289489746094e+01 -1.409349670410156250e+02 5.288469314575195312e+00
2.926806259155273438e+01 -1.409350585937500000e+02 5.281280517578125000e+00
2.926817893981933594e+01 -1.409350585937500000e+02 5.280591964721679688e+00
2.926958656311035156e+01 -1.409355010986328125e+02 5.271652698516845703e+00
2.927460289001464844e+01 -1.409341430664062500e+02 5.257998943328857422e+00
2.927626800537109375e+01 -1.409338226318359375e+02 5.250283718109130859e+00
2.927760505676269531e+01 -1.409347686767578125e+02 5.232510089874267578e+00
2.927904701232910156e+01 -1.409353027343750000e+02 5.218951702117919922e+00
2.936111450195312500e+01 -1.411447906494140625e+02 4.893049240112304688e+00
2.952479171752929688e+01 -1.416808776855468750e+02 4.884100437164306641e+00
2.974659156799316406e+01 -1.423322296142578125e+02 5.109082221984863281e+00
3.000837898254394531e+01 -1.430789184570312500e+02 5.349139690399169922e+00
3.033861732482910156e+01 -1.438028717041015625e+02 5.931168556213378906e+00
3.090073394775390625e+01 -1.440948333740234375e+02 6.298091411590576172e+00
3.143655204772949219e+01 -1.439536285400390625e+02 6.556042194366455078e+00
3.161341667175292969e+01 -1.435581359863281250e+02 6.664580345153808594e+00
3.152349853515625000e+01 -1.429425964355468750e+02 6.927428245544433594e+00
3.151796150207519531e+01 -1.422178802490234375e+02 6.874137878417968750e+00
3.162493324279785156e+01 -1.416523284912109375e+02 6.686059951782226562e+00
3.180877304077148438e+01 -1.415674896240234375e+02 6.752099514007568359e+00
3.225669097900390625e+01 -1.416059417724609375e+02 6.838322162628173828e+00
3.291662979125976562e+01 -1.416598815917968750e+02 6.935702800750732422e+00
3.377294540405273438e+01 -1.416965026855468750e+02 6.958198070526123047e+00
3.473231887817382812e+01 -1.417518463134765625e+02 6.943014144897460938e+00
3.575717926025390625e+01 -1.418193206787109375e+02 7.045330047607421875e+00
3.683180236816406250e+01 -1.418851013183593750e+02 7.150624275207519531e+00
3.788764953613281250e+01 -1.419385681152343750e+02 7.091852188110351562e+00
3.883573913574218750e+01 -1.419644470214843750e+02 6.937884807586669922e+00
3.984940338134765625e+01 -1.419890899658203125e+02 6.951366901397705078e+00
4.084373474121093750e+01 -1.419588470458984375e+02 6.970376968383789062e+00
4.175201034545898438e+01 -1.419224700927734375e+02 7.059714794158935547e+00
4.260552215576171875e+01 -1.419466094970703125e+02 6.902607440948486328e+00
4.347470092773437500e+01 -1.420094757080078125e+02 6.947537899017333984e+00
4.434797668457031250e+01 -1.421113586425781250e+02 6.841539859771728516e+00
4.515864181518554688e+01 -1.422834625244140625e+02 6.823916435241699219e+00
4.604098129272460938e+01 -1.423787994384765625e+02 6.896123886108398438e+00
4.695899200439453125e+01 -1.423590545654296875e+02 6.991567134857177734e+00
4.782534408569335938e+01 -1.421893310546875000e+02 7.113370418548583984e+00
4.868320846557617188e+01 -1.420515747070312500e+02 7.400901317596435547e+00
4.946897888183593750e+01 -1.419735412597656250e+02 7.820050716400146484e+00
5.026569366455078125e+01 -1.418849334716796875e+02 8.169914245605468750e+00
5.105392074584960938e+01 -1.417690124511718750e+02 8.273656845092773438e+00
5.194603729248046875e+01 -1.416465301513671875e+02 8.177515983581542969e+00
5.281531524658203125e+01 -1.416001434326171875e+02 8.200777053833007812e+00
5.372034454345703125e+01 -1.418010253906250000e+02 8.115867614746093750e+00
5.459344482421875000e+01 -1.418925170898437500e+02 7.745252132415771484e+00
5.546188735961914062e+01 -1.418229522705078125e+02 7.806295394897460938e+00
5.642209243774414062e+01 -1.416611175537109375e+02 7.639700889587402344e+00
5.743593215942382812e+01 -1.414353179931640625e+02 7.591807842254638672e+00
5.851667785644531250e+01 -1.412115173339843750e+02 7.404611110687255859e+00
5.974361801147460938e+01 -1.410057678222656250e+02 7.153225421905517578e+00
6.091615676879882812e+01 -1.408583526611328125e+02 6.978145122528076172e+00
6.214143371582031250e+01 -1.406861419677734375e+02 6.662142276763916016e+00
6.344570159912109375e+01 -1.404256896972656250e+02 6.236359119415283203e+00
6.470689392089843750e+01 -1.401560363769531250e+02 5.942150115966796875e+00
6.588651275634765625e+01 -1.397883300781250000e+02 5.473650932312011719e+00
6.676603698730468750e+01 -1.393481292724609375e+02 5.049230575561523438e+00
6.735829925537109375e+01 -1.387366638183593750e+02 5.082736015319824219e+00
6.803079986572265625e+01 -1.378899841308593750e+02 5.319352149963378906e+00
6.866283416748046875e+01 -1.370267028808593750e+02 5.542483806610107422e+00
6.927593231201171875e+01 -1.361272125244140625e+02 5.656528949737548828e+00
6.984535980224609375e+01 -1.352124938964843750e+02 5.637377738952636719e+00
7.042472839355468750e+01 -1.341712493896484375e+02 5.643540382385253906e+00
7.100704956054687500e+01 -1.330515899658203125e+02 5.708357334136962891e+00
7.156821441650390625e+01 -1.319568939208984375e+02 6.091989517211914062e+00
7.214660644531250000e+01 -1.308940582275390625e+02 6.179871082305908203e+00
7.268422698974609375e+01 -1.298917999267578125e+02 6.370707988739013672e+00
7.323577880859375000e+01 -1.289594421386718750e+02 6.389108180999755859e+00
7.371642303466796875e+01 -1.280027618408203125e+02 6.417699337005615234e+00
7.407842254638671875e+01 -1.270357589721679688e+02 6.564171791076660156e+00
7.437819671630859375e+01 -1.260080032348632812e+02 6.425740718841552734e+00
7.456859588623046875e+01 -1.249860916137695312e+02 6.438989639282226562e+00
7.459662628173828125e+01 -1.240742568969726562e+02 6.475583553314208984e+00
7.453057098388671875e+01 -1.232219314575195312e+02 6.431023597717285156e+00
7.437240600585937500e+01 -1.223134918212890625e+02 6.409571170806884766e+00
7.412345886230468750e+01 -1.214354553222656250e+02 6.261523246765136719e+00
7.369857025146484375e+01 -1.210591506958007812e+02 6.298368930816650391e+00
7.318612670898437500e+01 -1.207928390502929688e+02 6.279099464416503906e+00
7.288061523437500000e+01 -1.201996002197265625e+02 5.737867355346679688e+00
7.283172607421875000e+01 -1.195595016479492188e+02 5.551104545593261719e+00
7.316360473632812500e+01 -1.190574493408203125e+02 5.543128013610839844e+00
7.364999389648437500e+01 -1.184353103637695312e+02 4.916306018829345703e+00
7.408724975585937500e+01 -1.176764602661132812e+02 4.403757572174072266e+00
7.444390106201171875e+01 -1.168412017822265625e+02 3.863558769226074219e+00
7.485079956054687500e+01 -1.159756164550781250e+02 3.684637069702148438e+00
7.530918884277343750e+01 -1.151025466918945312e+02 3.274389028549194336e+00
7.572693634033203125e+01 -1.142269134521484375e+02 2.896215677261352539e+00
7.609802246093750000e+01 -1.133120193481445312e+02 2.553056478500366211e+00
7.644988250732421875e+01 -1.123263931274414062e+02 2.059421777725219727e+00
7.675315093994140625e+01 -1.114087600708007812e+02 1.674110054969787598e+00
7.705197143554687500e+01 -1.104926757812500000e+02 1.160091042518615723e+00
7.732168579101562500e+01 -1.096257858276367188e+02 7.661054730415344238e-01
7.758628845214843750e+01 -1.088477783203125000e+02 5.642921328544616699e-01
7.789246368408203125e+01 -1.081507263183593750e+02 -5.665435455739498138e-03
7.812332916259765625e+01 -1.074314117431640625e+02 -6.321945190429687500e-01
7.830360412597656250e+01 -1.066333465576171875e+02 -1.066299438476562500e+00
7.846527862548828125e+01 -1.058175735473632812e+02 -1.598256826400756836e+00
7.863056945800781250e+01 -1.050888366699218750e+02 -2.094435930252075195e+00
7.867557525634765625e+01 -1.043835601806640625e+02 -2.641557216644287109e+00
7.862036132812500000e+01 -1.037037200927734375e+02 -3.333637714385986328e+00
7.848487854003906250e+01 -1.031085433959960938e+02 -4.141147136688232422e+00
7.818097686767578125e+01 -1.025955963134765625e+02 -4.442561149597167969e+00
7.773750305175781250e+01 -1.022537078857421875e+02 -4.350947856903076172e+00
7.725467681884765625e+01 -1.020690689086914062e+02 -4.371564865112304688e+00
7.708612060546875000e+01 -1.015419540405273438e+02 -4.425179481506347656e+00
7.730290222167968750e+01 -1.008447570800781250e+02 -4.570561408996582031e+00
7.766751861572265625e+01 -1.000777053833007812e+02 -4.903463840484619141e+00
7.796234893798828125e+01 -9.932564544677734375e+01 -4.808310031890869141e+00
7.816767883300781250e+01 -9.847565460205078125e+01 -4.768388748168945312e+00
7.825019073486328125e+01 -9.756073760986328125e+01 -4.986598014831542969e+00
7.817843627929687500e+01 -9.664369201660156250e+01 -4.883660316467285156e+00
7.788608551025390625e+01 -9.598149871826171875e+01 -5.209987163543701172e+00
7.740702819824218750e+01 -9.573235321044921875e+01 -5.791310787200927734e+00
7.696183776855468750e+01 -9.533409881591796875e+01 -6.234496116638183594e+00
7.649323272705078125e+01 -9.478412628173828125e+01 -6.590300559997558594e+00
7.595593261718750000e+01 -9.411943054199218750e+01 -6.710844039916992188e+00
7.534774017333984375e+01 -9.337968444824218750e+01 -6.737508773803710938e+00
7.469536590576171875e+01 -9.270411682128906250e+01 -6.791916847229003906e+00
7.407398986816406250e+01 -9.197741699218750000e+01 -6.900981426239013672e+00
7.351230621337890625e+01 -9.115326690673828125e+01 -7.143815040588378906e+00
7.300309753417968750e+01 -9.038351440429687500e+01 -7.349160671234130859e+00
7.240045928955078125e+01 -8.967101287841796875e+01 -7.439899921417236328e+00
7.173922729492187500e+01 -8.901641082763671875e+01 -7.594224452972412109e+00
7.106459808349609375e+01 -8.833821868896484375e+01 -7.690425872802734375e+00
7.047280120849609375e+01 -8.761393737792968750e+01 -7.822203159332275391e+00
6.985549163818359375e+01 -8.682363128662109375e+01 -7.928613662719726562e+00
6.917038726806640625e+01 -8.599263763427734375e+01 -7.901746749877929688e+00
6.843425750732421875e+01 -8.515766143798828125e+01 -8.118250846862792969e+00
6.768544006347656250e+01 -8.436269378662109375e+01 -8.257511138916015625e+00
6.700378417968750000e+01 -8.359296417236328125e+01 -8.319746971130371094e+00
6.632322692871093750e+01 -8.276671600341796875e+01 -8.328530311584472656e+00
6.565999603271484375e+01 -8.201110076904296875e+01 -8.320365905761718750e+00
6.513480377197265625e+01 -8.123337554931640625e+01 -8.456228256225585938e+00
6.458299255371093750e+01 -8.046378326416015625e+01 -8.532685279846191406e+00
6.389592742919921875e+01 -7.977988433837890625e+01 -8.502232551574707031e+00
6.321406555175781250e+01 -7.917438507080078125e+01 -8.442735671997070312e+00
6.258413314819335938e+01 -7.855427551269531250e+01 -8.361362457275390625e+00
6.194337844848632812e+01 -7.787956237792968750e+01 -8.277024269104003906e+00
6.132373809814453125e+01 -7.717745208740234375e+01 -8.234465599060058594e+00
6.074219131469726562e+01 -7.640666961669921875e+01 -8.423173904418945312e+00
6.019925308227539062e+01 -7.564175415039062500e+01 -8.636457443237304688e+00
5.974853515625000000e+01 -7.486344909667968750e+01 -8.912431716918945312e+00
5.924525070190429688e+01 -7.407374572753906250e+01 -8.898085594177246094e+00
5.867276382446289062e+01 -7.337407684326171875e+01 -8.880659103393554688e+00
5.806517791748046875e+01 -7.267752075195312500e+01 -8.936854362487792969e+00
5.749365997314453125e+01 -7.194256591796875000e+01 -9.101118087768554688e+00
5.693093109130859375e+01 -7.127389526367187500e+01 -9.197475433349609375e+00
5.628293228149414062e+01 -7.052573394775390625e+01 -9.368714332580566406e+00
5.569873428344726562e+01 -6.978283691406250000e+01 -9.342250823974609375e+00
5.510614013671875000e+01 -6.901949310302734375e+01 -9.353185653686523438e+00
5.447386550903320312e+01 -6.830541992187500000e+01 -9.437278747558593750e+00
5.386649703979492188e+01 -6.761899566650390625e+01 -9.775311470031738281e+00
5.334016036987304688e+01 -6.692482757568359375e+01 -9.952021598815917969e+00
5.272998046875000000e+01 -6.618488311767578125e+01 -1.014051723480224609e+01
5.207991409301757812e+01 -6.537174987792968750e+01 -1.055397415161132812e+01
5.142602920532226562e+01 -6.459827423095703125e+01 -1.073818302154541016e+01
5.083371353149414062e+01 -6.380530548095703125e+01 -1.081872749328613281e+01
5.022874450683593750e+01 -6.296799087524414062e+01 -1.091642761230468750e+01
4.965687942504882812e+01 -6.217729187011718750e+01 -1.115410518646240234e+01
4.914443206787109375e+01 -6.145274734497070312e+01 -1.127119350433349609e+01
4.854245376586914062e+01 -6.061054611206054688e+01 -1.144565868377685547e+01
4.792578125000000000e+01 -5.979288864135742188e+01 -1.163305282592773438e+01
4.732326889038085938e+01 -5.899504089355468750e+01 -1.165360546112060547e+01
4.670283508300781250e+01 -5.815340805053710938e+01 -1.162415504455566406e+01
4.601332092285156250e+01 -5.734969711303710938e+01 -1.175733375549316406e+01
4.534062957763671875e+01 -5.654510116577148438e+01 -1.190349674224853516e+01
4.471390151977539062e+01 -5.571470642089843750e+01 -1.187863540649414062e+01
4.410511016845703125e+01 -5.489122390747070312e+01 -1.193376827239990234e+01
4.343619537353515625e+01 -5.403923034667968750e+01 -1.207172966003417969e+01
4.265260696411132812e+01 -5.312657546997070312e+01 -1.240845108032226562e+01
4.189463424682617188e+01 -5.223175048828125000e+01 -1.261905956268310547e+01
