-6.847975158691406250e+01 -1.665385284423828125e+02 1.634943962097167969e+01
-6.827621459960937500e+01 -1.664940338134765625e+02 1.645717239379882812e+01
-6.747691345214843750e+01 -1.663330841064453125e+02 1.655079460144042969e+01
-6.643443298339843750e+01 -1.662137603759765625e+02 1.673529052734375000e+01
-6.530006408691406250e+01 -1.661128540039062500e+02 1.686024856567382812e+01
-6.402261352539062500e+01 -1.660443878173828125e+02 1.693246841430664062e+01
-6.271366500854492188e+01 -1.659353942871093750e+02 1.722307395935058594e+01
-6.139415740966796875e+01 -1.658356170654296875e+02 1.718491554260253906e+01
-5.997004318237304688e+01 -1.657549591064453125e+02 1.718729400634765625e+01
-5.853617477416992188e+01 -1.656914672851562500e+02 1.707236099243164062e+01
-5.716096115112304688e+01 -1.656308593750000000e+02 1.708934593200683594e+01
-5.580038833618164062e+01 -1.655274810791015625e+02 1.694472122192382812e+01
-5.452513885498046875e+01 -1.653135528564453125e+02 1.674587631225585938e+01
-5.326286315917968750e+01 -1.651689147949218750e+02 1.665576362609863281e+01
-5.222545242309570312e+01 -1.652341003417968750e+02 1.596585941314697266e+01
-5.148347091674804688e+01 -1.654756164550781250e+02 1.535192871093750000e+01
-5.061387252807617188e+01 -1.656859130859375000e+02 1.570089054107666016e+01
-4.961543655395507812e+01 -1.658163604736328125e+02 1.600520896911621094e+01
-4.853947067260742188e+01 -1.658569946289062500e+02 1.628052520751953125e+01
-4.734072494506835938e+01 -1.658461303710937500e+02 1.648893356323242188e+01
-4.618792724609375000e+01 -1.658516693115234375e+02 1.677061653137207031e+01
-4.499918365478515625e+01 -1.659183197021484375e+02 1.676102066040039062e+01
-4.381938552856445312e+01 -1.659598999023437500e+02 1.690564537048339844e+01
-4.265570068359375000e+01 -1.659363250732421875e+02 1.699861335754394531e+01
-4.135468292236328125e+01 -1.658433990478515625e+02 1.707204437255859375e+01
-4.010785293579101562e+01 -1.656936035156250000e+02 1.690594863891601562e+01
-3.884350585937500000e+01 -1.655566406250000000e+02 1.682557487487792969e+01
-3.777486801147460938e+01 -1.654565582275390625e+02 1.678018379211425781e+01
-3.670031738281250000e+01 -1.653871612548828125e+02 1.653488540649414062e+01
-3.562502288818359375e+01 -1.653021850585937500e+02 1.672460556030273438e+01
-3.454773330688476562e+01 -1.651949768066406250e+02 1.654729652404785156e+01
-3.364890670776367188e+01 -1.652384490966796875e+02 1.608541488647460938e+01
-3.268790817260742188e+01 -1.653343658447265625e+02 1.638332176208496094e+01
-3.163156127929687500e+01 -1.654060516357421875e+02 1.630285644531250000e+01
-3.051992797851562500e+01 -1.654110107421875000e+02 1.638334846496582031e+01
-2.950438690185546875e+01 -1.654268188476562500e+02 1.630362129211425781e+01
-2.852380371093750000e+01 -1.654294433593750000e+02 1.625809860229492188e+01
-2.753242301940917969e+01 -1.654512786865234375e+02 1.614012527465820312e+01
-2.643616104125976562e+01 -1.654543457031250000e+02 1.610478591918945312e+01
-2.538006973266601562e+01 -1.654176940917968750e+02 1.591789245605468750e+01
-2.428702735900878906e+01 -1.653501892089843750e+02 1.586968326568603516e+01
-2.315225601196289062e+01 -1.653334960937500000e+02 1.599425125122070312e+01
-2.199649047851562500e+01 -1.653598937988281250e+02 1.621975898742675781e+01
-2.080714225769042969e+01 -1.653528442382812500e+02 1.651574325561523438e+01
-1.970794296264648438e+01 -1.653346862792968750e+02 1.610618972778320312e+01
-1.867894935607910156e+01 -1.653546447753906250e+02 1.582596683502197266e+01
-1.763869285583496094e+01 -1.653171234130859375e+02 1.604934501647949219e+01
-1.660441017150878906e+01 -1.652441711425781250e+02 1.609930801391601562e+01
-1.558409404754638672e+01 -1.651078033447265625e+02 1.606873703002929688e+01
-1.468601512908935547e+01 -1.650150756835937500e+02 1.588520717620849609e+01
-1.379553413391113281e+01 -1.650017089843750000e+02 1.589562129974365234e+01
-1.300107192993164062e+01 -1.650015411376953125e+02 1.605511474609375000e+01
-1.214946365356445312e+01 -1.650524902343750000e+02 1.605636978149414062e+01
-1.129135990142822266e+01 -1.651527862548828125e+02 1.619507598876953125e+01
-1.039874839782714844e+01 -1.652266693115234375e+02 1.616415405273437500e+01
-9.491062164306640625e+00 -1.652649230957031250e+02 1.634139251708984375e+01
-8.556425094604492188e+00 -1.653482360839843750e+02 1.634414482116699219e+01
-7.922843456268310547e+00 -1.654633026123046875e+02 1.577498912811279297e+01
-7.854521751403808594e+00 -1.655408020019531250e+02 1.435174369812011719e+01
-8.011281013488769531e+00 -1.655824737548828125e+02 1.339891910552978516e+01
-8.361380577087402344e+00 -1.655750122070312500e+02 1.284547710418701172e+01
-8.973497390747070312e+00 -1.654758758544921875e+02 1.289686489105224609e+01
-9.521122932434082031e+00 -1.653460540771484375e+02 1.295176315307617188e+01
-9.722288131713867188e+00 -1.653274536132812500e+02 1.191184711456298828e+01
-9.722141265869140625e+00 -1.653654479980468750e+02 1.089663791656494141e+01
-9.450879096984863281e+00 -1.654380187988281250e+02 1.023073577880859375e+01
-8.942859649658203125e+00 -1.655083923339843750e+02 9.959592819213867188e+00
-8.269138336181640625e+00 -1.656071777343750000e+02 1.028575992584228516e+01
-7.478508949279785156e+00 -1.655439147949218750e+02 1.062402725219726562e+01
-6.668324947357177734e+00 -1.653774414062500000e+02 1.073013305664062500e+01
-5.838693618774414062e+00 -1.652898864746093750e+02 1.067211246490478516e+01
-4.962525844573974609e+00 -1.651751708984375000e+02 1.075908756256103516e+01
-4.093388080596923828e+00 -1.650133514404296875e+02 1.099591255187988281e+01
-3.150614261627197266e+00 -1.648552856445312500e+02 1.091704463958740234e+01
-2.099984407424926758e+00 -1.646595458984375000e+02 1.094647407531738281e+01
-1.130195140838623047e+00 -1.644369812011718750e+02 1.093409633636474609e+01
-1.985094547271728516e-01 -1.641619262695312500e+02 1.108507061004638672e+01
6.673877835273742676e-01 -1.638510131835937500e+02 1.114237499237060547e+01
1.537573933601379395e+00 -1.635727539062500000e+02 1.090924930572509766e+01
2.409273624420166016e+00 -1.633320312500000000e+02 1.093623733520507812e+01
3.342161417007446289e+00 -1.631542358398437500e+02 1.101553535461425781e+01
4.220273971557617188e+00 -1.629495544433593750e+02 1.100586891174316406e+01
5.111758232116699219e+00 -1.627108459472656250e+02 1.108826160430908203e+01
5.956998825073242188e+00 -1.625413360595703125e+02 1.163239574432373047e+01
6.681065559387207031e+00 -1.623675384521484375e+02 1.175449657440185547e+01
7.373545169830322266e+00 -1.619337768554687500e+02 1.150319957733154297e+01
8.071498870849609375e+00 -1.613692474365234375e+02 1.122040843963623047e+01
8.817831993103027344e+00 -1.607798004150390625e+02 1.118041133880615234e+01
9.499115943908691406e+00 -1.602341308593750000e+02 1.116760444641113281e+01
1.014949893951416016e+01 -1.597320709228515625e+02 1.113283920288085938e+01
1.079125499725341797e+01 -1.592101440429687500e+02 1.122899532318115234e+01
1.150360107421875000e+01 -1.585543670654296875e+02 1.125170993804931641e+01
1.220749759674072266e+01 -1.578728637695312500e+02 1.128256607055664062e+01
1.294743824005126953e+01 -1.571959838867187500e+02 1.118087291717529297e+01
1.369476318359375000e+01 -1.565179748535156250e+02 1.118793773651123047e+01
1.444857120513916016e+01 -1.558190612792968750e+02 1.145048809051513672e+01
1.515673160552978516e+01 -1.551549377441406250e+02 1.212096786499023438e+01
1.576159381866455078e+01 -1.544791717529296875e+02 1.286277103424072266e+01
1.623301315307617188e+01 -1.538357696533203125e+02 1.355892658233642578e+01
1.657558822631835938e+01 -1.531807708740234375e+02 1.435393428802490234e+01
1.676296424865722656e+01 -1.524914245605468750e+02 1.489929676055908203e+01
1.694802474975585938e+01 -1.519360656738281250e+02 1.569072341918945312e+01
1.726032638549804688e+01 -1.514817199707031250e+02 1.653586006164550781e+01
1.769090080261230469e+01 -1.510209503173828125e+02 1.666271972656250000e+01
1.819278526306152344e+01 -1.503882751464843750e+02 1.613172721862792969e+01
1.864901733398437500e+01 -1.496510162353515625e+02 1.570790004730224609e+01
1.906412124633789062e+01 -1.488144226074218750e+02 1.532012653350830078e+01
1.939982604980468750e+01 -1.479615325927734375e+02 1.507328319549560547e+01
1.968307495117187500e+01 -1.471243896484375000e+02 1.493330669403076172e+01
1.996269989013671875e+01 -1.462142791748046875e+02 1.457465553283691406e+01
2.021858596801757812e+01 -1.452332611083984375e+02 1.447012424468994141e+01
2.053772735595703125e+01 -1.442433624267578125e+02 1.428952693939208984e+01
2.092628288269042969e+01 -1.433178100585937500e+02 1.402073287963867188e+01
2.121220588684082031e+01 -1.424987335205078125e+02 1.341169357299804688e+01
2.145904922485351562e+01 -1.419033508300781250e+02 1.276905632019042969e+01
2.195916748046875000e+01 -1.416438903808593750e+02 1.196150588989257812e+01
2.260078048706054688e+01 -1.416321716308593750e+02 1.102840518951416016e+01
2.326266098022460938e+01 -1.417868957519531250e+02 1.031566524505615234e+01
2.394266319274902344e+01 -1.419947052001953125e+02 9.545826911926269531e+00
2.467549705505371094e+01 -1.422061309814453125e+02 9.045557975769042969e+00
2.550544166564941406e+01 -1.424412231445312500e+02 8.353804588317871094e+00
2.633429336547851562e+01 -1.427049407958984375e+02 7.820240497589111328e+00
2.726867866516113281e+01 -1.429855804443359375e+02 7.324038505554199219e+00
2.819085121154785156e+01 -1.432128753662109375e+02 6.881107807159423828e+00
2.901327323913574219e+01 -1.432852630615234375e+02 6.647049903869628906e+00
2.968473815917968750e+01 -1.429175872802734375e+02 6.743237018585205078e+00
3.008578491210937500e+01 -1.421539916992187500e+02 6.786320209503173828e+00
3.019224739074707031e+01 -1.412559204101562500e+02 6.769414901733398438e+00
2.994269752502441406e+01 -1.403102111816406250e+02 6.909847736358642578e+00
2.947756004333496094e+01 -1.398536071777343750e+02 6.543921470642089844e+00
2.922407913208007812e+01 -1.399931793212890625e+02 5.655811786651611328e+00
2.913932991027832031e+01 -1.404822845458984375e+02 5.220302104949951172e+00
2.916465759277343750e+01 -1.409581146240234375e+02 5.231842041015625000e+00
2.916515350341796875e+01 -1.409580993652343750e+02 5.233425140380859375e+00
2.919876480102539062e+01 -1.409861907958984375e+02 5.133293151855468750e+00
2.944828987121582031e+01 -1.413657226562500000e+02 4.874586582183837891e+00
2.971687126159667969e+01 -1.421378631591796875e+02 4.976899623870849609e+00
2.989886093139648438e+01 -1.430189056396484375e+02 5.100217342376708984e+00
3.005137825012207031e+01 -1.436731567382812500e+02 5.212038516998291016e+00
3.021998214721679688e+01 -1.436971435546875000e+02 5.615275859832763672e+00
3.064439582824707031e+01 -1.433979339599609375e+02 6.114703655242919922e+00
3.116116714477539062e+01 -1.429297485351562500e+02 6.631068706512451172e+00
3.177424240112304688e+01 -1.422285461425781250e+02 6.938187122344970703e+00
3.249043273925781250e+01 -1.415593261718750000e+02 6.961206436157226562e+00
3.329734802246093750e+01 -1.411176300048828125e+02 6.944090366363525391e+00
3.421873855590820312e+01 -1.409130859375000000e+02 6.765527248382568359e+00
3.523412322998046875e+01 -1.407990112304687500e+02 6.705895423889160156e+00
3.622030258178710938e+01 -1.407239074707031250e+02 6.735212326049804688e+00
3.726893997192382812e+01 -1.406232757568359375e+02 6.840243816375732422e+00
3.835829162597656250e+01 -1.404843597412109375e+02 6.919471263885498047e+00
3.945055389404296875e+01 -1.405017395019531250e+02 7.095825195312500000e+00
4.057229232788085938e+01 -1.406785583496093750e+02 7.183269977569580078e+00
4.161130905151367188e+01 -1.409022979736328125e+02 7.312016963958740234e+00
4.250974655151367188e+01 -1.412084045410156250e+02 7.295252323150634766e+00
4.333124542236328125e+01 -1.414686431884765625e+02 7.471655845642089844e+00
4.410367965698242188e+01 -1.416444244384765625e+02 7.397810459136962891e+00
4.502236557006835938e+01 -1.417906646728515625e+02 7.410132884979248047e+00
4.598353576660156250e+01 -1.419087371826171875e+02 7.480115413665771484e+00
4.687908935546875000e+01 -1.420019378662109375e+02 7.597375869750976562e+00
4.770597076416015625e+01 -1.420671081542968750e+02 7.674589157104492188e+00
4.861168670654296875e+01 -1.420719604492187500e+02 7.809860706329345703e+00
4.952413558959960938e+01 -1.420338439941406250e+02 8.091419219970703125e+00
5.048546218872070312e+01 -1.420016784667968750e+02 8.228173255920410156e+00
5.143096923828125000e+01 -1.419599456787109375e+02 8.215136528015136719e+00
5.239562225341796875e+01 -1.418394165039062500e+02 8.210354804992675781e+00
5.340415954589843750e+01 -1.416947631835937500e+02 7.992214679718017578e+00
5.444249343872070312e+01 -1.415693511962890625e+02 7.955996513366699219e+00
5.567866516113281250e+01 -1.414350891113281250e+02 7.725696086883544922e+00
5.692906570434570312e+01 -1.412905120849609375e+02 7.539985179901123047e+00
5.807281494140625000e+01 -1.411370239257812500e+02 7.299683094024658203e+00
5.925675582885742188e+01 -1.408607025146484375e+02 7.040113925933837891e+00
6.049827575683593750e+01 -1.406238250732421875e+02 6.810655593872070312e+00
6.172793960571289062e+01 -1.404504699707031250e+02 6.363648414611816406e+00
6.299428939819335938e+01 -1.402830657958984375e+02 6.116017818450927734e+00
6.421834564208984375e+01 -1.400844726562500000e+02 5.842300415039062500e+00
6.545057678222656250e+01 -1.398180999755859375e+02 5.426604270935058594e+00
6.657351684570312500e+01 -1.394580078125000000e+02 4.698482036590576172e+00
6.753849029541015625e+01 -1.389811706542968750e+02 4.407417297363281250e+00
6.840588378906250000e+01 -1.383123168945312500e+02 4.621990203857421875e+00
6.905400085449218750e+01 -1.374938659667968750e+02 4.750842094421386719e+00
6.959609985351562500e+01 -1.365845794677734375e+02 4.848618984222412109e+00
7.018373107910156250e+01 -1.356367492675781250e+02 4.981310367584228516e+00
7.077587890625000000e+01 -1.347135162353515625e+02 5.132999897003173828e+00
7.131963348388671875e+01 -1.337854919433593750e+02 5.474908828735351562e+00
7.184817504882812500e+01 -1.329483337402343750e+02 5.613807201385498047e+00
7.234314727783203125e+01 -1.319991302490234375e+02 5.707057952880859375e+00
7.274459838867187500e+01 -1.310078887939453125e+02 5.644371986389160156e+00
7.308992767333984375e+01 -1.299710693359375000e+02 5.603378295898437500e+00
7.346080780029296875e+01 -1.289225616455078125e+02 5.677276611328125000e+00
7.377126312255859375e+01 -1.279109954833984375e+02 5.643802165985107422e+00
7.407408905029296875e+01 -1.268694229125976562e+02 5.632987499237060547e+00
7.444694519042968750e+01 -1.257906875610351562e+02 5.878454685211181641e+00
7.472757720947265625e+01 -1.248190612792968750e+02 6.064650058746337891e+00
7.493360137939453125e+01 -1.238320541381835938e+02 6.006138324737548828e+00
7.503496551513671875e+01 -1.228747634887695312e+02 6.063735008239746094e+00
7.495931243896484375e+01 -1.219323425292968750e+02 5.979488849639892578e+00
7.473511505126953125e+01 -1.210955123901367188e+02 5.845734119415283203e+00
